1.926244802293592517 215.7196983730579234
898.4927785824082775 183.2067245613439184
592.2619606718217256 222.5621573804176876
285.9523782523163504 143.2059020014272619
317.7475874366523954 880.5631033113866124
239.2912628493370164 146.7031529734402397
36.79976402598209972 437.6865818640811767
452.0186638565618296 533.0621635388964705
823.7287654330967825 941.1690730827502875
715.5328404368688098 984.8931883689560891
370.6775384036380387 943.3659415711153997
537.9610319250515431 286.6127431403202763
208.9805557900783697 135.6335590900521595
865.8530073490106815 148.1326264938610677
387.5251063955255404 114.0481251143824721
